50 0.91625 0.41713221562499997 0.9025000000000001 0.40409683437500005 0.89375 0.40409683437500005 0.8675 0.41527001874999997 0.8550000000000001 0.45437616406250003 0.85875 0.4748603359375 0.87625 0.50465549375 0.8775000000000001 0.515828678125 0.8925000000000001 0.5270018624999999 0.9025000000000001 0.517690875 0.9099999999999999 0.49906890156249994 0.9225 0.4413407828125 0.91625 0.41713221562499997
50 0.835 0.42458100625000006 0.821875 0.4208566109375 0.8150000000000001 0.4208566109375 0.79125 0.45437616406250003 0.79125 0.49534450625000004 0.8237500000000001 0.50465549375 0.8425 0.5251396640625 0.85 0.4562383609375 0.835 0.42458100625000006
50 0.89875 0.4022346375 0.88125 0.3873370578125 0.8699999999999999 0.3873370578125 0.8275 0.40595903125 0.8150000000000001 0.41899441406250004 0.83625 0.42458100625000006 0.85375 0.46368715156249996 0.85625 0.43947858437500004 0.86625 0.41527001874999997 0.89875 0.4022346375
50 0.8625 0.37988826875 0.8481249999999999 0.3761638734375 0.8412499999999999 0.3761638734375 0.7975 0.4003724390625 0.8025 0.41899441406250004 0.8125 0.4208566109375 0.825 0.40595903125 0.86625 0.3873370578125 0.8625 0.37988826875
50 0.7875 0.39292365 0.7418750000000001 0.3854748609375 0.735 0.3854748609375 0.7212500000000001 0.3966480453125 0.74375 0.4115456234375 0.76125 0.40595903125 0.77625 0.4115456234375 0.78125 0.41899441406250004 0.7825 0.448789571875 0.7875 0.45996275625000005 0.8087500000000001 0.4227188078125 0.7875 0.39292365
50 0.78625 0.41899441406250004 0.7675 0.4078212296875 0.75875 0.4078212296875 0.73125 0.4208566109375 0.7175 0.435754190625 0.7112499999999999 0.45437616406250003 0.7175 0.5270018624999999 0.7224999999999999 0.538175046875 0.73 0.5921787703125 0.73625 0.595903165625 0.74375 0.5884543765625 0.74375 0.5679702046874999 0.75875 0.5251396640625 0.78 0.5009310984375 0.7825 0.4878957171875 0.7849999999999999 0.461824953125 0.78 0.435754190625 0.7825 0.4208566109375 0.78625 0.41899441406250004
50 0.73625 0.4078212296875 0.72 0.39851024218750003 0.70875 0.39851024218750003 0.69625 0.40595903125 0.68875 0.4208566109375 0.6849999999999999 0.46368715156249996 0.6975 0.4729981375 0.69625 0.480446928125 0.71 0.5009310984375 0.71375 0.5325884546874999 0.7175 0.538175046875 0.7162499999999999 0.49348230937500004 0.71 0.45810055937499994 0.71875 0.4320297953125 0.74 0.41527001874999997 0.73625 0.4078212296875
50 0.70625 0.49534450625000004 0.6912499999999999 0.46927374374999997 0.6849999999999999 0.46927374374999997 0.6825 0.4767225328125 0.67875 0.4729981375 0.655 0.4916201125 0.645 0.5121042828125 0.645 0.5344506515624999 0.6525000000000001 0.564245809375 0.65 0.595903165625 0.65125 0.6014897578125 0.6587500000000001 0.5996275609375 0.66125 0.605214153125 0.6625 0.6480446921875 0.66875 0.6443202984374999 0.67125 0.6350093109375 0.67375 0.5828677843750001 0.6799999999999999 0.595903165625 0.68125 0.640595903125 0.6900000000000001 0.6350093109375 0.69875 0.640595903125 0.70125 0.6350093109375 0.7 0.5921787703125 0.71 0.551210428125 0.7125 0.515828678125 0.70625 0.49534450625000004
50 0.8262499999999999 0.506517690625 0.8 0.4972067046875 0.79875 0.4972067046875 0.775 0.5083798875000001 0.76 0.5251396640625 0.745 0.5679702046874999 0.745 0.5884543765625 0.755 0.6182495343750001 0.77125 0.63873370625 0.7775000000000001 0.6554934828125 0.78625 0.7411545625 0.795 0.761638734375 0.8025 0.7635009312500001 0.81875 0.7374301671875 0.825 0.6703910609375 0.85 0.59404096875 0.85 0.560521415625 0.84375 0.5344506515624999 0.8262499999999999 0.506517690625
50 0.54875 0.46927374374999997 0.5337500000000001 0.461824953125 0.5237499999999999 0.461824953125 0.49749999999999994 0.46368715156249996 0.47874999999999995 0.4729981375 0.45999999999999996 0.517690875 0.45375 0.5549348234375 0.45499999999999996 0.6126629421875001 0.4725 0.6480446921875 0.48624999999999996 0.696461825 0.48624999999999996 0.7150837984375 0.49124999999999996 0.729981378125 0.51125 0.75046555 0.52625 0.7467411546875 0.52 0.739292365625 0.52 0.7243947859375 0.5225 0.7057728125 0.52625 0.7001862203125 0.53125 0.7057728125 0.5337500000000001 0.685288640625 0.5387500000000001 0.6871508375000001 0.54 0.7448789578125 0.5525 0.7467411546875 0.55625 0.7355679703125 0.5525 0.6927374296875 0.5662499999999999 0.6573556796875 0.57125 0.605214153125 0.57625 0.5903165734375 0.57375 0.54003724375 0.56375 0.5139664796875001 0.56375 0.49906890156249994 0.56875 0.49348230937500004 0.54875 0.46927374374999997
50 0.5974999999999999 0.461824953125 0.58 0.4562383609375 0.56875 0.4562383609375 0.56125 0.46554934843750007 0.56375 0.482309125 0.575 0.5027932953125 0.5725 0.53072625625 0.5775 0.5586592171875 0.5775 0.5903165734375 0.56875 0.6350093109375 0.56875 0.661080075 0.57625 0.6797020484375 0.58 0.6536312843750001 0.57875 0.6163873375 0.58875 0.5921787703125 0.58875 0.6722532593749999 0.5962500000000001 0.6722532593749999 0.605 0.5903165734375 0.61 0.5791433890625 0.61875 0.5251396640625 0.61625 0.49906890156249994 0.60875 0.4748603359375 0.5974999999999999 0.461824953125
50 0.595 0.3966480453125 0.58 0.39106145312499996 0.57375 0.39106145312499996 0.5575 0.4022346375 0.55 0.41899441406250004 0.55125 0.426443203125 0.5662499999999999 0.4413407828125 0.56375 0.45437616406250003 0.5900000000000001 0.4562383609375 0.61 0.46927374374999997 0.6125 0.4376163875 0.60875 0.4208566109375 0.595 0.3966480453125
50 0.52625 0.4022346375 0.50125 0.39851024218750003 0.495 0.39851024218750003 0.45875000000000005 0.4227188078125 0.45 0.446927375 0.4525 0.4674115453125 0.4725 0.4767225328125 0.48624999999999996 0.46368715156249996 0.5075000000000001 0.45996275625000005 0.51375 0.4432029796875 0.5337500000000001 0.41899441406250004 0.5337500000000001 0.4078212296875 0.52625 0.4022346375
50 0.5625 0.43947858437500004 0.54375 0.4227188078125 0.5325 0.4227188078125 0.5125 0.4413407828125 0.51125 0.45810055937499994 0.54 0.461824953125 0.5587500000000001 0.4767225328125 0.5625 0.43947858437500004
50 0.47000000000000003 0.480446928125 0.42125 0.45810055937499994 0.41875 0.45810055937499994 0.40125 0.45996275625000005 0.38375 0.4785847296875 0.3725 0.538175046875 0.3775 0.5474860328125 0.385 0.6256983234375 0.385 0.6536312843750001 0.38125 0.661080075 0.38875000000000004 0.6778398515624999 0.39375 0.675977653125 0.3975 0.595903165625 0.4 0.5884543765625 0.41125 0.5921787703125 0.41500000000000004 0.5996275609375 0.41624999999999995 0.6815642453125 0.42125 0.685288640625 0.42750000000000005 0.68342644375 0.43125 0.6722532593749999 0.43 0.6238361265625 0.43375 0.605214153125 0.44000000000000006 0.59404096875 0.45125000000000004 0.5903165734375 0.45499999999999996 0.5325884546874999 0.47000000000000003 0.480446928125
50 0.3325 0.45810055937499994 0.32375 0.45251396718750003 0.3175 0.45251396718750003 0.29 0.46927374374999997 0.29 0.4767225328125 0.27125 0.49906890156249994 0.2575 0.5325884546874999 0.26125 0.5791433890625 0.26875 0.605214153125 0.26875 0.6480446921875 0.27875 0.7001862203125 0.27875 0.7243947859375 0.28500000000000003 0.7337057734375 0.29125 0.7337057734375 0.29375 0.7225325890625001 0.28875 0.67411545625 0.29125 0.63873370625 0.29500000000000004 0.6331471140625 0.29874999999999996 0.63873370625 0.31124999999999997 0.716945996875 0.31875 0.7206703906249999 0.32375 0.7113594046875 0.325 0.6815642453125 0.3325 0.6666666671875 0.33375 0.6443202984374999 0.35375 0.5679702046874999 0.355 0.5344506515624999 0.34125 0.484171321875 0.34500000000000003 0.461824953125 0.34249999999999997 0.4562383609375 0.3325 0.45810055937499994
50 0.24874999999999997 0.448789571875 0.22999999999999998 0.43947858437500004 0.2225 0.43947858437500004 0.20249999999999999 0.461824953125 0.20249999999999999 0.47113594062499997 0.15625 0.4785847296875 0.13999999999999999 0.4897579140625 0.13625 0.5009310984375 0.1325 0.553072625 0.14625 0.631284915625 0.14625 0.68342644375 0.14125000000000001 0.7001862203125 0.14375 0.7132216015624999 0.15375 0.7039106140625 0.15875 0.6722532593749999 0.1675 0.707635009375 0.17250000000000001 0.7132216015624999 0.17875000000000002 0.707635009375 0.1675 0.6573556796875 0.175 0.6424581 0.17625 0.62942271875 0.18625 0.6126629421875001 0.19125 0.6219739296875 0.20375000000000001 0.6238361265625 0.2 0.675977653125 0.205 0.6908752328125 0.21125 0.6871508375000001 0.21125 0.6685288640625 0.215 0.661080075 0.22625 0.661080075 0.22125 0.6145251390625 0.23625 0.564245809375 0.24 0.538175046875 0.2375 0.5139664796875001 0.24500000000000002 0.5027932953125 0.24500000000000002 0.46554934843750007 0.24874999999999997 0.4562383609375 0.24874999999999997 0.448789571875
50 0.14250000000000002 0.4897579140625 0.12375 0.4674115453125 0.11750000000000001 0.4674115453125 0.08 0.49348230937500004 0.08 0.49906890156249994 0.0875 0.5027932953125 0.08625000000000001 0.5102420859375 0.03875 0.5139664796875001 0.0225 0.5232774671875 0.00125 0.564245809375 0.00125 0.5977653625 0.00625 0.60707635 0.008749999999999999 0.6331471140625 0.0075 0.661080075 0.015 0.685288640625 0.027500000000000004 0.7783985109375 0.041249999999999995 0.7970204843750001 0.05125 0.7914338921875 0.052500000000000005 0.70949720625 0.0625 0.6815642453125 0.0725 0.67411545625 0.08499999999999999 0.67411545625 0.0875 0.6797020484375 0.08125 0.739292365625 0.08375 0.7579143390625 0.08875 0.7597765359374999 0.1025 0.7337057734375 0.10375000000000001 0.68342644375 0.12375 0.6126629421875001 0.12250000000000001 0.5549348234375 0.1275 0.5549348234375 0.1325 0.54003724375 0.135 0.50465549375 0.14250000000000002 0.4897579140625