50 0.0975 0.517690875 0.1075 0.5270018624999999 0.12250000000000001 0.515828678125 0.12375 0.50465549375 0.14125000000000001 0.4748603359375 0.145 0.45437616406250003 0.1325 0.41527001874999997 0.10625 0.40409683437500005 0.0975 0.40409683437500005 0.08375 0.41713221562499997 0.0775 0.4413407828125 0.09 0.49906890156249994 0.0975 0.517690875
50 0.17625 0.50465549375 0.20875 0.49534450625000004 0.20875 0.45437616406250003 0.185 0.4208566109375 0.178125 0.4208566109375 0.16499999999999998 0.42458100625000006 0.15 0.4562383609375 0.1575 0.5251396640625 0.17625 0.50465549375
50 0.14625 0.46368715156249996 0.16375 0.42458100625000006 0.185 0.41899441406250004 0.17250000000000001 0.40595903125 0.13 0.3873370578125 0.11875 0.3873370578125 0.10124999999999999 0.4022346375 0.13374999999999998 0.41527001874999997 0.14375 0.43947858437500004 0.14625 0.46368715156249996
50 0.1875 0.4208566109375 0.1975 0.41899441406250004 0.20249999999999999 0.4003724390625 0.15875 0.3761638734375 0.151875 0.3761638734375 0.1375 0.37988826875 0.13374999999999998 0.3873370578125 0.175 0.40595903125 0.1875 0.4208566109375
50 0.21749999999999997 0.448789571875 0.21875 0.41899441406250004 0.22374999999999998 0.4115456234375 0.23875000000000002 0.40595903125 0.25625 0.4115456234375 0.27875 0.3966480453125 0.265 0.3854748609375 0.258125 0.3854748609375 0.2125 0.39292365 0.19125 0.4227188078125 0.2125 0.45996275625000005 0.21749999999999997 0.448789571875
50 0.215 0.461824953125 0.21749999999999997 0.4878957171875 0.22000000000000003 0.5009310984375 0.24125000000000002 0.5251396640625 0.25625 0.5679702046874999 0.25625 0.5884543765625 0.26375000000000004 0.595903165625 0.27 0.5921787703125 0.27749999999999997 0.538175046875 0.28250000000000003 0.5270018624999999 0.28875 0.45437616406250003 0.28250000000000003 0.435754190625 0.26875 0.4208566109375 0.24125000000000002 0.4078212296875 0.2325 0.4078212296875 0.21375000000000002 0.41899441406250004 0.21749999999999997 0.4208566109375 0.22000000000000003 0.435754190625 0.215 0.461824953125
50 0.29 0.45810055937499994 0.28375 0.49348230937500004 0.28250000000000003 0.538175046875 0.28625 0.5325884546874999 0.29 0.5009310984375 0.30375 0.480446928125 0.3025 0.4729981375 0.315 0.46368715156249996 0.31124999999999997 0.4208566109375 0.30375 0.40595903125 0.29125 0.39851024218750003 0.27999999999999997 0.39851024218750003 0.26375000000000004 0.4078212296875 0.26 0.41527001874999997 0.28125 0.4320297953125 0.29 0.45810055937499994
50 0.3 0.5921787703125 0.29874999999999996 0.6350093109375 0.30125 0.640595903125 0.31 0.6350093109375 0.31875 0.640595903125 0.32 0.595903165625 0.32625000000000004 0.5828677843750001 0.32875 0.6350093109375 0.33125 0.6443202984374999 0.3375 0.6480446921875 0.33875 0.605214153125 0.34125 0.5996275609375 0.34875 0.6014897578125 0.35 0.595903165625 0.34750000000000003 0.564245809375 0.355 0.5344506515624999 0.355 0.5121042828125 0.34500000000000003 0.4916201125 0.32125 0.4729981375 0.3175 0.4767225328125 0.315 0.46927374374999997 0.30874999999999997 0.46927374374999997 0.29375 0.49534450625000004 0.2875 0.515828678125 0.29 0.551210428125 0.3 0.5921787703125
50 0.15 0.59404096875 0.175 0.6703910609375 0.18125 0.7374301671875 0.1975 0.7635009312500001 0.205 0.761638734375 0.21375000000000002 0.7411545625 0.2225 0.6554934828125 0.22875 0.63873370625 0.24500000000000002 0.6182495343750001 0.255 0.5884543765625 0.255 0.5679702046874999 0.24 0.5251396640625 0.225 0.5083798875000001 0.20125 0.4972067046875 0.2 0.4972067046875 0.17375000000000002 0.506517690625 0.15625 0.5344506515624999 0.15 0.560521415625 0.15 0.59404096875
50 0.43624999999999997 0.5139664796875001 0.42625 0.54003724375 0.42374999999999996 0.5903165734375 0.42874999999999996 0.605214153125 0.43375 0.6573556796875 0.44749999999999995 0.6927374296875 0.44375 0.7355679703125 0.44749999999999995 0.7467411546875 0.45999999999999996 0.7448789578125 0.46125 0.6871508375000001 0.46624999999999994 0.685288640625 0.46875 0.7057728125 0.47375 0.7001862203125 0.47750000000000004 0.7057728125 0.48 0.7243947859375 0.48 0.739292365625 0.47375 0.7467411546875 0.48875 0.75046555 0.50875 0.729981378125 0.51375 0.7150837984375 0.51375 0.696461825 0.5275000000000001 0.6480446921875 0.545 0.6126629421875001 0.54625 0.5549348234375 0.54 0.517690875 0.52125 0.4729981375 0.5025000000000001 0.46368715156249996 0.47625 0.461824953125 0.46624999999999994 0.461824953125 0.45125000000000004 0.46927374374999997 0.43125 0.49348230937500004 0.43624999999999997 0.49906890156249994 0.43624999999999997 0.5139664796875001
50 0.38125 0.5251396640625 0.39 0.5791433890625 0.395 0.5903165734375 0.40374999999999994 0.6722532593749999 0.41125 0.6722532593749999 0.41125 0.5921787703125 0.42125 0.6163873375 0.42000000000000004 0.6536312843750001 0.42374999999999996 0.6797020484375 0.43125 0.661080075 0.43125 0.6350093109375 0.4225 0.5903165734375 0.4225 0.5586592171875 0.42750000000000005 0.53072625625 0.425 0.5027932953125 0.43624999999999997 0.482309125 0.43875000000000003 0.46554934843750007 0.43125 0.4562383609375 0.42000000000000004 0.4562383609375 0.4025 0.461824953125 0.39125 0.4748603359375 0.38375 0.49906890156249994 0.38125 0.5251396640625
50 0.39 0.46927374374999997 0.41 0.4562383609375 0.43624999999999997 0.45437616406250003 0.43375 0.4413407828125 0.44875 0.426443203125 0.45 0.41899441406250004 0.4425 0.4022346375 0.42625 0.39106145312499996 0.42000000000000004 0.39106145312499996 0.40499999999999997 0.3966480453125 0.39125 0.4208566109375 0.3875 0.4376163875 0.39 0.46927374374999997
50 0.48624999999999996 0.4432029796875 0.4925 0.45996275625000005 0.51375 0.46368715156249996 0.5275000000000001 0.4767225328125 0.5475 0.4674115453125 0.55 0.446927375 0.54125 0.4227188078125 0.505 0.39851024218750003 0.49874999999999997 0.39851024218750003 0.47375 0.4022346375 0.46624999999999994 0.4078212296875 0.46624999999999994 0.41899441406250004 0.48624999999999996 0.4432029796875
50 0.48875 0.45810055937499994 0.4875 0.4413407828125 0.46749999999999997 0.4227188078125 0.45625 0.4227188078125 0.4375 0.43947858437500004 0.44125 0.4767225328125 0.45999999999999996 0.461824953125 0.48875 0.45810055937499994
50 0.5599999999999999 0.59404096875 0.5662499999999999 0.605214153125 0.5700000000000001 0.6238361265625 0.56875 0.6722532593749999 0.5725 0.68342644375 0.57875 0.685288640625 0.58375 0.6815642453125 0.585 0.5996275609375 0.58875 0.5921787703125 0.6 0.5884543765625 0.6025 0.595903165625 0.60625 0.675977653125 0.61125 0.6778398515624999 0.61875 0.661080075 0.615 0.6536312843750001 0.615 0.6256983234375 0.6224999999999999 0.5474860328125 0.6275000000000001 0.538175046875 0.61625 0.4785847296875 0.59875 0.45996275625000005 0.58125 0.45810055937499994 0.57875 0.45810055937499994 0.53 0.480446928125 0.545 0.5325884546874999 0.54875 0.5903165734375 0.5599999999999999 0.59404096875
50 0.6587500000000001 0.484171321875 0.645 0.5344506515624999 0.64625 0.5679702046874999 0.66625 0.6443202984374999 0.6675 0.6666666671875 0.675 0.6815642453125 0.67625 0.7113594046875 0.68125 0.7206703906249999 0.68875 0.716945996875 0.70125 0.63873370625 0.705 0.6331471140625 0.70875 0.63873370625 0.7112499999999999 0.67411545625 0.70625 0.7225325890625001 0.70875 0.7337057734375 0.7150000000000001 0.7337057734375 0.7212500000000001 0.7243947859375 0.7212500000000001 0.7001862203125 0.73125 0.6480446921875 0.73125 0.605214153125 0.73875 0.5791433890625 0.7424999999999999 0.5325884546874999 0.72875 0.49906890156249994 0.71 0.4767225328125 0.71 0.46927374374999997 0.6825 0.45251396718750003 0.67625 0.45251396718750003 0.6675 0.45810055937499994 0.6575 0.4562383609375 0.655 0.461824953125 0.6587500000000001 0.484171321875
50 0.755 0.5027932953125 0.7625 0.5139664796875001 0.76 0.538175046875 0.76375 0.564245809375 0.7787499999999999 0.6145251390625 0.7737499999999999 0.661080075 0.7849999999999999 0.661080075 0.7887500000000001 0.6685288640625 0.7887500000000001 0.6871508375000001 0.795 0.6908752328125 0.8 0.675977653125 0.79625 0.6238361265625 0.8087500000000001 0.6219739296875 0.81375 0.6126629421875001 0.8237500000000001 0.62942271875 0.825 0.6424581 0.8324999999999999 0.6573556796875 0.82125 0.707635009375 0.8275 0.7132216015624999 0.8324999999999999 0.707635009375 0.8412499999999999 0.6722532593749999 0.8462500000000001 0.7039106140625 0.85625 0.7132216015624999 0.85875 0.7001862203125 0.85375 0.68342644375 0.85375 0.631284915625 0.8675 0.553072625 0.8637499999999999 0.5009310984375 0.86 0.4897579140625 0.84375 0.4785847296875 0.7975 0.47113594062499997 0.7975 0.461824953125 0.7775000000000001 0.43947858437500004 0.77 0.43947858437500004 0.75125 0.448789571875 0.75125 0.4562383609375 0.755 0.46554934843750007 0.755 0.5027932953125
50 0.8724999999999999 0.5549348234375 0.8775000000000001 0.5549348234375 0.87625 0.6126629421875001 0.89625 0.68342644375 0.8975 0.7337057734375 0.9112500000000001 0.7597765359374999 0.91625 0.7579143390625 0.91875 0.739292365625 0.9125 0.6797020484375 0.915 0.67411545625 0.9275 0.67411545625 0.9375 0.6815642453125 0.9475 0.70949720625 0.9487500000000001 0.7914338921875 0.95875 0.7970204843750001 0.9724999999999999 0.7783985109375 0.985 0.685288640625 0.9925 0.661080075 0.99125 0.6331471140625 0.99375 0.60707635 0.99875 0.5977653625 0.99875 0.564245809375 0.9775 0.5232774671875 0.96125 0.5139664796875001 0.91375 0.5102420859375 0.9125 0.5027932953125 0.9199999999999999 0.49906890156249994 0.9199999999999999 0.49348230937500004 0.8825 0.4674115453125 0.87625 0.4674115453125 0.8574999999999999 0.4897579140625 0.865 0.50465549375 0.8675 0.54003724375 0.8724999999999999 0.5549348234375