29 0.25166666718749997 0.1633333328125 0.26 0.1816666671875 0.2766666671875 0.2 0.3066666671875 0.205 0.3416666671875 0.16999999999999998 0.355 0.1416666671875 0.3566666671875 0.1066666671875 0.35 0.08499999999999999 0.3383333328125 0.07666666718750001 0.325 0.07666666718750001 0.29 0.0866666671875 0.2616666671875 0.1166666671875 0.25166666718749997 0.14666666718750002 0.25166666718749997 0.1633333328125
29 0.3083333328125 0.25 0.32166666718750003 0.29 0.3383333328125 0.30333333281249997 0.36666666718749996 0.305 0.39 0.2983333328125 0.42833333281249997 0.25666666718750003 0.44666666718750003 0.2116666671875 0.44666666718750003 0.1783333328125 0.43833333281250003 0.1516666671875 0.41500000000000004 0.1416666671875 0.4066666671875 0.1416666671875 0.36833333281249997 0.1516666671875 0.3333333328125 0.1833333328125 0.315 0.2133333328125 0.3083333328125 0.25
29 0.18 0.4033333328125 0.185 0.4266666671875 0.195 0.45 0.20833333281250002 0.45999999999999996 0.22833333281249998 0.45999999999999996 0.2366666671875 0.45 0.2533333328125 0.44333333281250004 0.2883333328125 0.3916666671875 0.2983333328125 0.3583333328125 0.2983333328125 0.325 0.29 0.30333333281249997 0.27999999999999997 0.2983333328125 0.2716666671875 0.2983333328125 0.2266666671875 0.3166666671875 0.20166666718749998 0.3433333328125 0.185 0.3783333328125 0.18 0.4033333328125
29 0.0333333328125 0.40833333281249995 0.0333333328125 0.43166666718749996 0.0433333328125 0.44666666718750003 0.06 0.465 0.0816666671875 0.4716666671875 0.1166666671875 0.47000000000000003 0.1533333328125 0.4516666671875 0.16999999999999998 0.43666666718749997 0.18 0.41166666718749995 0.18 0.39 0.16833333281250001 0.3783333328125 0.145 0.365 0.10500000000000001 0.3583333328125 0.10333333281249998 0.3516666671875 0.10166666718749999 0.3516666671875 0.10333333281249998 0.3566666671875 0.0933333328125 0.365 0.058333332812500006 0.38 0.0333333328125 0.40833333281249995
29 0.0933333328125 0.58 0.10833333281249999 0.5683333328125 0.1166666671875 0.5366666671875 0.11000000000000001 0.5083333328124999 0.0883333328125 0.48 0.0433333328125 0.46333333281250005 0.038333332812499996 0.46333333281250005 0.031666667187500004 0.4683333328125 0.0333333328125 0.5733333328125 0.0616666671875 0.5866666671874999 0.0933333328125 0.58
29 0.08333333281250001 0.6533333328125 0.06999999999999999 0.63 0.0366666671875 0.6083333328125 0.0333333328125 0.6083333328125 0.0333333328125 0.705 0.0783333328125 0.705 0.09 0.6933333328125 0.08333333281250001 0.6533333328125
29 0.14666666718750002 0.6166666671875001 0.16999999999999998 0.6266666671875 0.2 0.6283333328125 0.225 0.615 0.23500000000000001 0.6016666671875 0.23500000000000001 0.5933333328125 0.2133333328125 0.5583333328125 0.1816666671875 0.53 0.1633333328125 0.52 0.1433333328125 0.5183333328125 0.1416666671875 0.5166666671875 0.12833333281249998 0.525 0.11499999999999999 0.55 0.12 0.5933333328125 0.14666666718750002 0.6166666671875001
29 0.17333333281250002 0.5266666671875 0.1833333328125 0.5283333328125 0.2033333328125 0.5466666671875 0.22999999999999998 0.5833333328125 0.2416666671875 0.5900000000000001 0.25 0.5833333328125 0.25 0.5549999999999999 0.25833333281250004 0.5283333328125 0.25166666718749997 0.5066666671875 0.22833333281249998 0.47000000000000003 0.22000000000000003 0.47000000000000003 0.1983333328125 0.4733333328125 0.1866666671875 0.48166666718749995 0.1716666671875 0.51 0.17333333281250002 0.5266666671875
29 0.145 0.7866666671875 0.1616666671875 0.8166666671874999 0.175 0.8300000000000001 0.1933333328125 0.8266666671875 0.2166666671875 0.8083333328125001 0.24 0.7666666671875 0.2366666671875 0.74 0.2416666671875 0.7116666671874999 0.23500000000000001 0.6883333328125001 0.24333333281249997 0.6883333328125001 0.2483333328125 0.6766666671875 0.2383333328125 0.6616666671875 0.2216666671875 0.6533333328125 0.2066666671875 0.6533333328125 0.1816666671875 0.665 0.1616666671875 0.6816666671875 0.13999999999999999 0.7316666671875 0.145 0.7866666671875
29 0.25166666718749997 0.745 0.2666666671875 0.77 0.2866666671875 0.7833333328125 0.2966666671875 0.7816666671875 0.3283333328125 0.76 0.3433333328125 0.725 0.34500000000000003 0.6533333328125 0.3266666671875 0.625 0.3016666671875 0.62 0.2983333328125 0.62 0.2816666671875 0.63 0.2616666671875 0.6533333328125 0.24666666718750002 0.7033333328125 0.25166666718749997 0.745
29 0.3366666671875 0.8666666671875 0.3566666671875 0.8916666671875 0.3983333328125 0.8966666671875 0.41333333281250006 0.8916666671875 0.425 0.8800000000000001 0.43166666718749996 0.8633333328124999 0.43333333281249997 0.8366666671875 0.425 0.805 0.40833333281249995 0.78 0.3916666671875 0.7666666671875 0.37666666718749997 0.7666666671875 0.3533333328125 0.7883333328125001 0.34500000000000003 0.79 0.335 0.8316666671874999 0.3366666671875 0.8666666671875
29 0.29500000000000004 0.8416666671874999 0.3266666671875 0.8666666671875 0.335 0.865 0.3333333328125 0.8366666671875 0.33999999999999997 0.7983333328125 0.34500000000000003 0.79 0.37333333281250003 0.7716666671875 0.37333333281250003 0.7666666671875 0.3583333328125 0.7616666671875 0.3491666671875 0.7616666671875 0.3083333328125 0.7733333328125 0.28500000000000003 0.805 0.28500000000000003 0.8183333328125 0.29500000000000004 0.8416666671874999
29 0.46333333281250005 0.8133333328125 0.4516666671875 0.8233333328124999 0.445 0.8383333328125 0.445 0.8633333328124999 0.4583333328125 0.8800000000000001 0.49000000000000005 0.8883333328124999 0.5233333328125 0.885 0.5566666671875 0.8716666671875 0.5783333328125 0.8533333328125 0.5883333328125 0.8366666671875 0.5833333328125 0.8133333328125 0.5683333328125 0.7983333328125 0.5366666671875 0.7849999999999999 0.5275000000000001 0.7849999999999999 0.4933333328125 0.7866666671875 0.4683333328125 0.7983333328125 0.46166666718749994 0.8066666671875 0.46333333281250005 0.8133333328125
29 0.40499999999999997 0.6983333328125 0.3916666671875 0.7183333328125 0.3916666671875 0.7433333328125 0.43833333281250003 0.7883333328125001 0.45999999999999996 0.7866666671875 0.48333333281249996 0.7716666671875 0.54 0.7016666671875 0.5283333328125 0.6849999999999999 0.5283333328125 0.6616666671875 0.515 0.6533333328125 0.5133333328125 0.6433333328125 0.5066666671875 0.6383333328125 0.5 0.6383333328125 0.4966666671875 0.6483333328125 0.46166666718749994 0.6533333328125 0.44333333281250004 0.6633333328125001 0.40499999999999997 0.6983333328125
29 0.3633333328125 0.7183333328125 0.37333333281250003 0.7333333328125 0.38333333281250004 0.7316666671875 0.4 0.7 0.4533333328125 0.6533333328125 0.44000000000000006 0.6266666671875 0.4233333328125 0.6166666671875001 0.4183333328125 0.6166666671875001 0.4066666671875 0.62 0.3716666671875 0.6599999999999999 0.3633333328125 0.6933333328125 0.3633333328125 0.7183333328125
29 0.38333333281250004 0.5900000000000001 0.395 0.5966666671875 0.4266666671875 0.6016666671875 0.47000000000000003 0.5966666671875 0.505 0.5650000000000001 0.5083333328124999 0.5366666671875 0.4916666671875 0.5133333328125 0.48 0.5033333328125 0.45 0.49833333281250003 0.44666666718750003 0.4933333328125 0.43833333281250003 0.4933333328125 0.395 0.5033333328125 0.375 0.5233333328125 0.3716666671875 0.5700000000000001 0.38333333281250004 0.5900000000000001
29 0.36833333281249997 0.505 0.37666666718749997 0.5133333328125 0.4 0.5 0.44666666718750003 0.49000000000000005 0.43499999999999994 0.46166666718749994 0.43833333281250003 0.4583333328125 0.41 0.4216666671875 0.4066666671875 0.4216666671875 0.38166666718750003 0.425 0.3616666671875 0.45 0.3633333328125 0.48666666718749996 0.36833333281249997 0.505
29 0.3 0.44000000000000006 0.32166666718750003 0.4716666671875 0.3466666671875 0.4683333328125 0.365 0.43666666718749997 0.3966666671875 0.40833333281249995 0.4166666671875 0.3483333328125 0.41500000000000004 0.3366666671875 0.3983333328125 0.3266666671875 0.3877783328125 0.3266666671875 0.3566666671875 0.3283333328125 0.32999999999999996 0.34500000000000003 0.3016666671875 0.3866666671875 0.3 0.44000000000000006
29 0.41166666718749995 0.41 0.43499999999999994 0.4516666671875 0.45 0.46166666718749994 0.4533333328125 0.48166666718749995 0.475 0.485 0.4783333328125 0.49000000000000005 0.4966666671875 0.48666666718749996 0.5116666671875 0.46666666718750005 0.5083333328124999 0.4516666671875 0.495 0.44166666718750003 0.4916666671875 0.43 0.4966666671875 0.3716666671875 0.48166666718749995 0.3483333328125 0.44666666718750003 0.335 0.43333333281249997 0.335 0.4216666671875 0.33999999999999997 0.41 0.365 0.4066666671875 0.3916666671875 0.41166666718749995 0.41
29 0.48666666718749996 0.5900000000000001 0.5 0.605 0.52 0.6133333328125 0.5283333328125 0.6083333328125 0.5349999999999999 0.5933333328125 0.5599999999999999 0.5883333328125 0.5766666671875 0.575 0.5483333328125 0.5366666671875 0.5599999999999999 0.5083333328124999 0.54 0.49833333281250003 0.5316666671875 0.49833333281250003 0.485 0.505 0.5116666671875 0.5433333328125001 0.5083333328124999 0.5633333328125001 0.48666666718749996 0.5900000000000001
29 0.525 0.6133333328125 0.5266666671875 0.62 0.5166666671875 0.64 0.5333333328125 0.6616666671875 0.5549999999999999 0.6766666671875 0.5633333328125001 0.6783333328125 0.6 0.6666666671875 0.61 0.655 0.6216666671875 0.655 0.6433333328125 0.6666666671875 0.6566666671875 0.6616666671875 0.665 0.6483333328125 0.6766666671875 0.6483333328125 0.6900000000000001 0.64 0.6966666671875 0.6066666671875 0.6866666671874999 0.5916666671875 0.6716666671875 0.5833333328125 0.6533333328125 0.585 0.6116666671875 0.5766666671875 0.6033333328125 0.5766666671875 0.5783333328125 0.5766666671875 0.5633333328125001 0.5883333328125 0.5416666671875 0.595 0.525 0.6133333328125
29 0.5316666671875 0.7333333328125 0.5316666671875 0.7516666671875 0.5483333328125 0.775 0.5683333328125 0.78 0.5966666671875 0.7716666671875 0.6233333328125 0.7533333328125 0.65 0.72 0.65 0.6966666671875 0.62 0.67 0.6183333328125 0.6683333328125001 0.5866666671874999 0.6716666671875 0.5616666671874999 0.6816666671875 0.54 0.7083333328125 0.5316666671875 0.7333333328125
29 0.5983333328125 0.8133333328125 0.6166666671875001 0.8333333328125001 0.6616666671875 0.8150000000000001 0.6866666671874999 0.7816666671875 0.7 0.7533333328125 0.7016666671875 0.7316666671875 0.7150000000000001 0.72 0.7150000000000001 0.705 0.7083333328125 0.6916666671875 0.6866666671874999 0.6816666671875 0.6849999999999999 0.6799999999999999 0.6566666671875 0.6916666671875 0.65 0.725 0.5966666671875 0.7849999999999999 0.5983333328125 0.8133333328125
29 0.7116666671874999 0.6183333328125 0.7216666671875 0.6366666671875 0.735 0.6483333328125 0.79 0.6683333328125001 0.8416666671874999 0.6583333328125 0.885 0.6266666671875 0.89 0.6066666671875 0.8783333328125 0.585 0.8516666671875001 0.5599999999999999 0.8150000000000001 0.55 0.8066666671875 0.55 0.7633333328125 0.5516666671875 0.7433333328125 0.5616666671874999 0.7150000000000001 0.5933333328125 0.7116666671874999 0.6183333328125
29 0.5766666671875 0.5683333328125 0.6466666671875 0.5783333328125 0.6766666671875 0.5733333328125 0.7016666671875 0.5599999999999999 0.7183333328125 0.5716666671875 0.735 0.5599999999999999 0.7416666671875001 0.5366666671875 0.71 0.48666666718749996 0.6716666671875 0.475 0.64 0.475 0.6266666671875 0.48333333281249996 0.6216666671875 0.4733333328125 0.6216666671875 0.4716666671875 0.5783333328125 0.4933333328125 0.5516666671875 0.525 0.5516666671875 0.54 0.5766666671875 0.5683333328125
29 0.4966666671875 0.43833333281250003 0.52 0.45999999999999996 0.5566666671875 0.48 0.6616666671875 0.42833333281249997 0.6616666671875 0.4066666671875 0.6566666671875 0.4 0.6433333328125 0.3966666671875 0.6366666671875 0.3866666671875 0.625 0.38166666718750003 0.6066666671875 0.3866666671875 0.5916666671875 0.36833333281249997 0.5833333328125 0.36666666718749996 0.58 0.36666666718749996 0.5433333328125001 0.3716666671875 0.5183333328125 0.385 0.4933333328125 0.42000000000000004 0.4966666671875 0.43833333281250003
29 0.5433333328125001 0.36833333281249997 0.55 0.3716666671875 0.5733333328125 0.365 0.5733333328125 0.35 0.5666666671875 0.3416666671875 0.525 0.335 0.5216666671875 0.335 0.49833333281250003 0.3583333328125 0.5166666671875 0.38166666718750003 0.5266666671875 0.38333333281250004 0.5433333328125001 0.36833333281249997
29 0.6333333328124999 0.38333333281250004 0.6599999999999999 0.4016666671875 0.6599999999999999 0.43333333281249997 0.6666666671875 0.44166666718750003 0.6783333328125 0.44666666718750003 0.7 0.43833333281250003 0.7366666671875 0.41 0.7383333328125 0.395 0.73 0.3783333328125 0.705 0.3483333328125 0.6799999999999999 0.335 0.645 0.33166666718750004 0.63 0.33166666718750004 0.6083333328125 0.34500000000000003 0.5983333328125 0.36833333281249997 0.6083333328125 0.38 0.6333333328124999 0.38333333281250004
29 0.585 0.255 0.585 0.27 0.5933333328125 0.2883333328125 0.6316666671875 0.3266666671875 0.6633333328125001 0.33166666718750004 0.6766666671875 0.3283333328125 0.7016666671875 0.3416666671875 0.7133333328125 0.33999999999999997 0.72 0.3333333328125 0.7233333328125 0.3133333328125 0.6983333328125 0.24 0.665 0.20833333281250002 0.635 0.2066666671875 0.625 0.18 0.61 0.185 0.605 0.1783333328125 0.6033333328125 0.1766666671875 0.5683333328125 0.215 0.575 0.22000000000000003 0.5733333328125 0.2366666671875 0.585 0.255
29 0.7033333328125 0.24666666718750002 0.72 0.29333333281249996 0.745 0.32 0.775 0.3383333328125 0.7916666671875 0.335 0.7966666671875 0.3416666671875 0.8216666671875 0.3416666671875 0.8316666671874999 0.3366666671875 0.8466666671875 0.3066666671875 0.8383333328125 0.29 0.8416666671874999 0.2733333328125 0.8083333328125001 0.2233333328125 0.8083333328125001 0.20833333281250002 0.745 0.1966666671875 0.7433333328125 0.1966666671875 0.7183333328125 0.2033333328125 0.7083333328125 0.2133333328125 0.7033333328125 0.22833333281249998 0.7033333328125 0.24666666718750002
29 0.8433333328125 0.3783333328125 0.8550000000000001 0.38166666718750003 0.8616666671875001 0.4033333328125 0.9066666671875 0.44000000000000006 0.9216666671875 0.445 0.9633333328125 0.445 0.9666666671874999 0.365 0.9616666671875 0.3466666671875 0.9550000000000001 0.34500000000000003 0.9616666671875 0.33999999999999997 0.9483333328124999 0.3416666671875 0.8866666671875001 0.3133333328125 0.8833333328125 0.3133333328125 0.845 0.3333333328125 0.835 0.3516666671875 0.8366666671875 0.37 0.8433333328125 0.3783333328125
29 0.735 0.41500000000000004 0.74 0.42000000000000004 0.78 0.42833333281249997 0.8233333328124999 0.42000000000000004 0.8366666671875 0.41166666718749995 0.8433333328125 0.3983333328125 0.8416666671874999 0.3866666671875 0.82 0.3566666671875 0.8083333328125001 0.35 0.7683333328125 0.3433333328125 0.765 0.3433333328125 0.7383333328125 0.3483333328125 0.7233333328125 0.36 0.74 0.395 0.735 0.41500000000000004
29 0.4916666671875 0.3483333328125 0.5 0.36666666718749996 0.515 0.38166666718750003 0.5266666671875 0.38166666718750003 0.5433333328125001 0.36666666718749996 0.5599999999999999 0.36666666718749996 0.5633333328125001 0.3583333328125 0.5783333328125 0.3566666671875 0.585 0.3433333328125 0.5883333328125 0.2883333328125 0.58 0.27 0.58 0.2483333328125 0.5716666671875 0.2383333328125 0.5583333328125 0.23500000000000001 0.5433333328125001 0.23500000000000001 0.5233333328125 0.24500000000000002 0.5066666671875 0.2616666671875 0.4916666671875 0.29500000000000004 0.4916666671875 0.3483333328125
29 0.8550000000000001 0.5016666671875 0.8533333328125 0.52 0.8566666671875 0.5183333328125 0.8633333328124999 0.5333333328125 0.8733333328124999 0.54 0.89 0.5283333328125 0.8933333328125 0.515 0.9199999999999999 0.4883333328125 0.9216666671875 0.4766666671875 0.905 0.44333333281250004 0.875 0.4166666671875 0.8566666671875 0.41 0.8466666671875 0.41 0.8216666671875 0.4233333328125 0.8133333328125 0.44000000000000006 0.8216666671875 0.46166666718749994 0.8550000000000001 0.5016666671875
29 0.7083333328125 0.47000000000000003 0.7216666671875 0.5016666671875 0.7383333328125 0.5233333328125 0.7683333328125 0.5483333328125 0.8416666671874999 0.5466666671875 0.8550000000000001 0.5549999999999999 0.8583333328125 0.5433333328125001 0.8433333328125 0.5166666671875 0.85 0.5 0.8233333328124999 0.47000000000000003 0.8150000000000001 0.4533333328125 0.7866666671875 0.43166666718749996 0.7775000000000001 0.43166666718749996 0.7566666671875 0.43833333281250003 0.7283333328125 0.43833333281250003 0.71 0.45499999999999996 0.7083333328125 0.47000000000000003
29 0.8800000000000001 0.5383333328125001 0.8766666671875001 0.5349999999999999 0.8766666671875001 0.5733333328125 0.8933333328125 0.5933333328125 0.9099999999999999 0.5933333328125 0.9199999999999999 0.5766666671875 0.95 0.5783333328125 0.9650000000000001 0.5700000000000001 0.9633333328125 0.48 0.9616666671875 0.48 0.9233333328125 0.4883333328125 0.8933333328125 0.515 0.89 0.5283333328125 0.8800000000000001 0.5383333328125001
29 0.2533333328125 0.5516666671875 0.2533333328125 0.5866666671874999 0.2683333328125 0.61 0.30333333281249997 0.6066666671875 0.3333333328125 0.5866666671874999 0.3583333328125 0.5416666671875 0.36666666718749996 0.5083333328124999 0.3566666671875 0.4583333328125 0.3466666671875 0.4583333328125 0.3433333328125 0.4583333328125 0.3283333328125 0.4716666671875 0.30333333281249997 0.48 0.26 0.5316666671875 0.2533333328125 0.5516666671875