29 0.0896328296875 0.4602446484375 0.0993520515625 0.458715596875 0.11231101562500001 0.4510703359375 0.1166306703125 0.44036697187499996 0.11771058281249999 0.403669725 0.109071275 0.38685015312500004 0.07991360625 0.3639143734375 0.07343412499999999 0.3639143734375 0.0604751625 0.3685015296875 0.045356371875 0.38379204843750003 0.0410367171875 0.4021406734375 0.04319654375 0.4189602453125 0.06263498906250001 0.44954128437499996 0.0896328296875 0.4602446484375
29 0.173866090625 0.2996941890625 0.1846652265625 0.305810396875 0.228941684375 0.2996941890625 0.2419006484375 0.27828746249999997 0.24298056093749998 0.24923547343750002 0.2397408203125 0.238532109375 0.2235421171875 0.214067278125 0.20518358593750002 0.2003058109375 0.1997840171875 0.2003058109375 0.18358531250000001 0.2018348625 0.1684665234375 0.211009175 0.15766738593750002 0.23088685 0.155507559375 0.25229357812500003 0.16414686875 0.28593272187499996 0.173866090625 0.2996941890625
29 0.28185745156249997 0.243119265625 0.2926565875 0.25229357812500003 0.3164146875 0.2599388375 0.332613390625 0.25840978593749997 0.3520518359375 0.2461773703125 0.3650107984375 0.22324159062499999 0.36825054062499996 0.2003058109375 0.3617710578125 0.180428134375 0.3466522671875 0.1636085625 0.3315334765625 0.1574923546875 0.32541360625000004 0.1574923546875 0.3131749453125 0.1574923546875 0.2948164140625 0.1666666671875 0.2721382296875 0.19724770625000002 0.271058315625 0.214067278125 0.27429805625000003 0.2293577984375 0.28185745156249997 0.243119265625
29 0.4589632828125 0.22629969375 0.46760259218750005 0.227828746875 0.4708423328125 0.238532109375 0.47408207343750003 0.238532109375 0.47732181406249996 0.2293577984375 0.49568034531249994 0.20795107031249999 0.5 0.1651376140625 0.509719221875 0.1636085625 0.515118790625 0.1498470953125 0.5053995687499999 0.155963303125 0.4978401734375 0.137614678125 0.47624190000000005 0.113149846875 0.44924406093749997 0.1039755359375 0.44600432031250004 0.1039755359375 0.426565875 0.11773700312499999 0.42116630625000007 0.1360856265625 0.41900647968750004 0.1651376140625 0.426565875 0.189602446875 0.43844492500000004 0.20948012187499998 0.4589632828125 0.22629969375
29 0.2883369328125 0.4694189609375 0.3099352046875 0.46483180468749996 0.32613390937500003 0.47094801249999996 0.33909287187500003 0.44954128437499996 0.34125269999999996 0.4235474 0.332613390625 0.40061162031249997 0.3185745140625 0.3853211015625 0.2948164140625 0.377675840625 0.28941684687499997 0.377675840625 0.267818575 0.3960244640625 0.26241900625 0.406727828125 0.2613390921875 0.42813455625 0.267818575 0.454128440625 0.2732181421875 0.4617737 0.2883369328125 0.4694189609375
29 0.21598272187499998 0.584097859375 0.232181425 0.584097859375 0.253779696875 0.5672782875 0.255939525 0.5397553515625 0.244060475 0.5061162078125 0.23002159843749997 0.4938837921875 0.217062634375 0.48929663593750006 0.21058315312500003 0.48929663593750006 0.19546436250000002 0.4938837921875 0.185745140625 0.5061162078125 0.18142548593750002 0.5305810390625 0.18250539999999998 0.5474006109375 0.1997840171875 0.5764526 0.21598272187499998 0.584097859375
29 0.2613390921875 0.75535168125 0.2786177109375 0.7492354734375 0.2807775375 0.7400611625 0.295896328125 0.723241590625 0.3034557234375 0.69266055 0.3002159828125 0.6574923546875 0.2915766734375 0.6406727828125 0.2786177109375 0.6330275234375 0.2699784015625 0.6330275234375 0.246220303125 0.65443425 0.23542116562499998 0.6911314984375 0.23542116562499998 0.7125382265625 0.2397408203125 0.7324159015625 0.24838012968749998 0.747706421875 0.2613390921875 0.75535168125
29 0.33909287187500003 0.63914373125 0.3466522671875 0.655963303125 0.3639308859375 0.6743119265625 0.3801295890625 0.6788990828125 0.39740820781249997 0.675840978125 0.40388768906249994 0.6697247703125 0.40604751562499997 0.6574923546875 0.41360691093749996 0.6529051984375001 0.41036717031250003 0.6192660546875 0.4006479484375 0.5993883796875 0.3887688984375 0.5856269109375 0.374730021875 0.5779816515625 0.3671706265625 0.5779816515625 0.3336933046875 0.5856269109375 0.3272138234375 0.59174311875 0.32613390937500003 0.5948012234375 0.3336933046875 0.59174311875 0.3369330453125 0.5978593265625001 0.33909287187500003 0.63914373125
29 0.426565875 0.6039755359375001 0.44816414687500006 0.6070336390625 0.46976241874999997 0.593272171875 0.478401728125 0.5703363921875 0.47732181406249996 0.5412844031249999 0.46976241874999997 0.521406728125 0.44600432031250004 0.5 0.4157667390625 0.4984709484375 0.41144708437500005 0.4938837921875 0.41036717031250003 0.4938837921875 0.399568034375 0.5015290515624999 0.387688984375 0.5229357796875 0.38984881250000003 0.559633028125 0.39524837968750004 0.56269113125 0.4168466515625 0.5978593265625001 0.426565875 0.6039755359375001
29 0.47408207343750003 0.44036697187499996 0.4978401734375 0.43119266093749997 0.509719221875 0.41437308906250003 0.5161987046875 0.3960244640625 0.51835853125 0.3761467890625 0.5161987046875 0.36085626875 0.508639309375 0.348623853125 0.4924406046875 0.3363914375 0.4708423328125 0.3333333328125 0.4654427640625 0.3333333328125 0.441684665625 0.35626911250000004 0.43088552968749994 0.38379204843750003 0.43088552968749994 0.40519877656250003 0.442764578125 0.42813455625 0.46004319687499995 0.4388379203125 0.47408207343750003 0.44036697187499996
29 0.34557235468749997 0.38990825625 0.3552915765625 0.3975535171875 0.374730021875 0.3853211015625 0.3822894171875 0.3746177375 0.3920086390625 0.35626911250000004 0.39524837968750004 0.339449540625 0.39632829375 0.314984709375 0.3920086390625 0.2798165140625 0.37365010781249997 0.2660550453125 0.36825054062499996 0.2660550453125 0.34125269999999996 0.2874617734375 0.3336933046875 0.3042813453125 0.32937365 0.327217125 0.32937365 0.353211009375 0.3336933046875 0.3685015296875 0.34557235468749997 0.38990825625
29 0.5842332609375 0.3363914375 0.6058315328125 0.3379204890625 0.6295896328125 0.3180428140625 0.6349892015624999 0.305810396875 0.637149028125 0.2828746171875 0.6328293734375 0.26299694218749997 0.625269978125 0.2507645265625 0.6101511875 0.238532109375 0.5907127437499999 0.23241590156249997 0.5842332609375 0.23241590156249997 0.5539956796875 0.243119265625 0.546436284375 0.25840978593749997 0.545356371875 0.2844036703125 0.55507559375 0.3134556578125 0.5691144703125001 0.328746178125 0.5842332609375 0.3363914375
29 0.6058315328125 0.11773700312499999 0.6198704109375 0.12385321093749999 0.642548596875 0.12385321093749999 0.6619870406249999 0.11009174375 0.6695464359375001 0.0993883796875 0.6781857453125 0.0565749234375 0.6727861765625 0.0443425078125 0.6630669546875 0.0351681953125 0.6447084234375 0.038226300000000005 0.62742980625 0.03363914375 0.625269978125 0.03363914375 0.6166306703125 0.0351681953125 0.5961123109375001 0.053516820312500005 0.59179265625 0.0657492359375 0.5907127437499999 0.08715596406250001 0.5982721375 0.10856269062499999 0.6058315328125 0.11773700312499999
29 0.7786177109375 0.48929663593750006 0.78725701875 0.49541284374999994 0.78617710625 0.5015290515624999 0.7904967609375 0.5061162078125 0.8131749453125 0.5045871562500001 0.83477321875 0.48929663593750006 0.850971921875 0.45718654374999995 0.8552915765625 0.4097859328125 0.844492440625 0.382262996875 0.83477321875 0.3746177375 0.82937365 0.3746177375 0.8045356375000001 0.37920489218750003 0.789416846875 0.3929663609375 0.777537796875 0.4189602453125 0.7732181421875 0.43730886875 0.7742980562499999 0.47553516875 0.7786177109375 0.48929663593750006
29 0.8790496765625001 0.4525993890625 0.8887688984375 0.4694189609375 0.8995680343749999 0.47400611562500006 0.9038876890624999 0.47400611562500006 0.911447084375 0.45718654374999995 0.9190064796874999 0.454128440625 0.917926565625 0.4388379203125 0.9308855296875 0.41743119218749997 0.9352051828124999 0.4021406734375 0.938444925 0.362385321875 0.936285096875 0.3547400609375 0.9276457890625001 0.3470948015625 0.9190064796874999 0.3470948015625 0.906047515625 0.3501529046875 0.887688984375 0.3639143734375 0.8801295890624999 0.3761467890625 0.87257019375 0.403669725 0.87257019375 0.425076453125 0.8790496765625001 0.4525993890625
29 0.728941684375 0.7171253828124999 0.735421165625 0.70642201875 0.7580993515625 0.6987767578125 0.7829373656249999 0.6697247703125 0.78617710625 0.655963303125 0.7796976234375 0.634556575 0.767818575 0.622324159375 0.7516198703125 0.617737003125 0.746220303125 0.617737003125 0.735421165625 0.617737003125 0.7051835859375 0.6452599390625 0.697624190625 0.67737003125 0.697624190625 0.694189603125 0.704103671875 0.7079510703125 0.728941684375 0.7171253828124999
29 0.5691144703125001 0.5443425078125 0.5928725703125 0.559633028125 0.61555075625 0.5611620796875 0.6263498921874999 0.5535168203125 0.6414686828125 0.53363914375 0.6447084234375 0.5 0.6209503234375 0.47094801249999996 0.5993520515624999 0.4633027515625 0.5896328296875 0.4633027515625 0.5755939531250001 0.4694189609375 0.5604751625 0.48623853281249996 0.55507559375 0.5 0.5561555078125 0.5168195718749999 0.5626349890625 0.5366972484375 0.5691144703125001 0.5443425078125
29 0.533477321875 0.65902140625 0.5539956796875 0.6697247703125 0.5907127437499999 0.6636085625 0.6015118796875 0.6529051984375001 0.6079913609375 0.6314984703125 0.6058315328125 0.6039755359375001 0.5874730015625 0.5779816515625 0.56695464375 0.5642201828125 0.5593952484375 0.5642201828125 0.528077753125 0.5718654437499999 0.5129589640625001 0.5871559640624999 0.509719221875 0.596330275 0.5107991359375 0.622324159375 0.5194384453125 0.642201834375 0.533477321875 0.65902140625
29 0.630669546875 0.7079510703125 0.6457883375 0.7201834859375 0.6576673859375 0.7171253828124999 0.667386609375 0.7079510703125 0.6835853125 0.6743119265625 0.685745140625 0.6529051984375001 0.6846652265625 0.626911315625 0.680345571875 0.61009174375 0.667386609375 0.5902140671875 0.6544276453125 0.5825688078125 0.649028078125 0.5825688078125 0.6393088546875 0.5871559640624999 0.6241900640625 0.6039755359375001 0.61555075625 0.626911315625 0.6133909281250001 0.6529051984375001 0.6220302375 0.69266055 0.630669546875 0.7079510703125
29 0.4352051828125 0.7660550453125 0.45032397343749997 0.7675840984375 0.46220302343749997 0.7629969421875 0.473002159375 0.74464831875 0.471922246875 0.7018348624999999 0.46220302343749997 0.6788990828125 0.44924406093749997 0.660550459375 0.4287257015625 0.6498470953125 0.4222462203125 0.6498470953125 0.40820734375 0.6574923546875 0.40388768906249994 0.672782875 0.399568034375 0.694189603125 0.40388768906249994 0.7247706421875 0.4157667390625 0.7461773703125 0.4352051828125 0.7660550453125
29 0.5680345578125 0.844036696875 0.5907127437499999 0.839449540625 0.60367170625 0.8180428140625 0.597192225 0.8088685015625 0.597192225 0.80275229375 0.609071275 0.7599388375 0.6079913609375 0.7507645265625 0.6112311015625 0.747706421875 0.6015118796875 0.73088685 0.588552915625 0.7217125375 0.585313175 0.7217125375 0.5788336937499999 0.723241590625 0.5637149031249999 0.738532109375 0.5475161984375 0.7798165140625 0.5475161984375 0.8149847093749999 0.5561555078125 0.8363914375 0.5680345578125 0.844036696875
29 0.6079913609375 0.8012232421875 0.609071275 0.8211009171875 0.61555075625 0.8333333328125001 0.6231101515625 0.8379204890624999 0.6393088546875 0.839449540625 0.6533477328124999 0.8333333328125001 0.6727861765625 0.8088685015625 0.6814254859375 0.7844036703125 0.6814254859375 0.75535168125 0.67710583125 0.7431192656250001 0.67062635 0.7339449546875 0.6533477328124999 0.7262996937499999 0.6522678187500001 0.7262996937499999 0.6349892015624999 0.7324159015625 0.6231101515625 0.7431192656250001 0.6112311015625 0.761467890625 0.6058315328125 0.781345565625 0.6047516203125001 0.7981651375000001 0.6079913609375 0.8012232421875
29 0.42116630625000007 0.96636085625 0.4276457890625 0.9633027515625001 0.44600432031250004 0.9388379203125 0.45464362812500003 0.9128440359375001 0.45464362812500003 0.8792048921875001 0.4438444921875 0.8639143734375001 0.4276457890625 0.8562691125 0.4222462203125 0.8562691125 0.393088553125 0.8639143734375001 0.3704103671875 0.8929663609375 0.3639308859375 0.915902140625 0.3639308859375 0.9327217125 0.3790496765625 0.9648318046875 0.42116630625000007 0.96636085625